Average_Delay:  0.0012641064799996326
Reachability_in_percentage:  1
Average_Forwarding:  3
Average_ReceiveTime:  0.0016850119200000025
