Average_Delay:  0.002635239930000305
Reachability_in_percentage:  1
Average_Forwarding:  5
Average_ReceiveTime:  0.0017100028200000394
