Average_Delay:  0.002827559309999358
Reachability_in_percentage:  1
Average_Forwarding:  4.91
Average_ReceiveTime:  0.0020914770699996753
