Average_Delay:  0.0017005003199997868
Reachability_in_percentage:  1
Average_Forwarding:  3
Average_ReceiveTime:  0.00212144416000003
